   -0.09892873
   -0.04793803
   -0.01603725
   -0.04596704
   -0.03389958
   -0.04406148
   -0.03817195
    0.00043353
   -0.02284254
   -0.09827143
    0.01239983
   -0.03912630
   -0.03157755
   -0.03382767
   -0.03092789
   -0.03788670
    0.03401051
    0.03659714
    0.03493086
    0.03409012
    0.03548756
    0.04147956
    0.02198839
    0.02446966
    0.02258618
    0.02533482
    0.04408667
    0.03892623
    0.03834982
    0.03375236
    0.03373316
    0.02641796
    0.02634263
    0.02672613
    0.02732103
