           1           2   1.0205136713728922     
           2           3  0.92117553678623154     
           3           4   1.0305666543979344     
           4           5   1.6374651396985165     
           5           6   1.3015043474929995     
           6           7   1.3392757548495737     
           3           8   1.0261014212626345     
           7           8   1.5679795779496650     
           8           9  0.99492927653872132     
           9          10  0.98346707951286438     
           9          11  0.99190547963970999     
          11          12   1.4199723276612715     
          12          13   1.4355876618382890     
          11          14  0.10987398927438750     
          13          14   1.4465321317797917     
          12          15  0.10863316124718524     
          14          15   1.4289502236269929     
          11          16   1.4014010183884582     
          13          16  0.11227614587896345     
          15          16   1.4564185052072880     
           1          17  0.98667815505354861     
           1          18  0.97965946066384935     
           1          19  0.98331898204180890     
           2          20  0.97870453387484913     
           2          21  0.97507483325025024     
           3          22  0.94156373197491028     
           4          23  0.97066877512777638     
           5          24  0.96755539324906026     
           6          25  0.97408101906165245     
           7          26  0.96372998136700450     
           9          27  0.94729186119828035     
          10          28  0.98574692510069950     
          10          29  0.98317217017673864     
          10          30  0.98580350701078734     
          12          31  0.96664990016708419     
          13          32  0.97144021182800377     
          14          33  0.97167509727676493     
          15          34  0.97123670641912418     
          16          35  0.96702061956902297     
