   -0.09933670
   -0.04830860
   -0.01639459
   -0.04456963
   -0.03493695
   -0.04510815
   -0.04227979
    0.00009267
   -0.02431192
   -0.09932419
    0.01380862
   -0.03874017
   -0.03133800
   -0.03318035
   -0.03034299
   -0.03417065
    0.03596621
    0.03597560
    0.03581571
    0.03424487
    0.03556381
    0.03734490
    0.02122884
    0.02342887
    0.02091188
    0.02932597
    0.04696005
    0.03777314
    0.03898681
    0.03406718
    0.02537325
    0.02759825
    0.02760926
    0.02834562
    0.03192118
