           1           2   1.0191478700577503     
           2           3  0.92110865272836873     
           3           4   1.0281754669328256     
           4           5   1.6372473655907283     
           5           6   1.3014840322512358     
           6           7   1.3346543700409137     
           3           8   1.0217031374262135     
           7           8   1.5686770687392448     
           8           9   1.0077983709427194     
           9          10  0.99308078611051454     
           9          11  0.97254165659047942     
          11          12   1.4156975690136899     
          12          13   1.4407086430753671     
          11          14  0.10950414617268292     
          13          14   1.4413110533596762     
          12          15  0.11001141603301279     
          14          15   1.4351057896526578     
          11          16   1.4086203446314811     
          13          16  0.11173917235959094     
          15          16   1.4489468530324976     
           1          17  0.98369512630096356     
           1          18  0.98288705877222571     
           1          19  0.98604152378276322     
           2          20  0.97623495755569267     
           2          21  0.97969213115502107     
           3          22  0.94753831503998454     
           4          23  0.97107090384632999     
           5          24  0.96728129281293584     
           6          25  0.97429442730946425     
           7          26  0.96202937155123791     
           9          27  0.94383213028467394     
          10          28  0.98415811769163974     
          10          29  0.98524904869899921     
          10          30  0.98663680828496414     
          12          31  0.96880473610535256     
          13          32  0.97115602747930363     
          14          33  0.97164264258134680     
          15          34  0.97117667693106047     
          16          35  0.96785320174603440     
