   -0.10118105
   -0.04918732
   -0.01833837
   -0.04360425
   -0.03457533
   -0.04478257
   -0.04091987
   -0.00237603
   -0.02177799
   -0.09939120
    0.01320118
   -0.03777642
   -0.03088006
   -0.03378540
   -0.03198657
   -0.03927551
    0.03215654
    0.04027133
    0.03218396
    0.03453544
    0.03779485
    0.05240876
    0.02305667
    0.02402885
    0.02255927
    0.02129259
    0.04343370
    0.04279863
    0.03494046
    0.03517886
    0.02748861
    0.02719610
    0.02664603
    0.02634575
    0.03232035
