           1           2   1.0222588904664720     
           2           3  0.92075625241200720     
           3           4   1.0364121837372660     
           4           5   1.6344617937458630     
           5           6   1.3031242057615213     
           6           7   1.3385380565441587     
           3           8   1.0281684675070184     
           7           8   1.5702921636664564     
           8           9  0.99421123465281080     
           9          10  0.98666356683928313     
           9          11  0.99504446233833410     
          11          12   1.3966346461816004     
          12          13   1.4569981598278539     
          11          14  0.10984244342399664     
          13          14   1.4277210960600948     
          12          15  0.11202885664864148     
          14          15   1.4478414911891972     
          11          16   1.4206785624459268     
          13          16  0.10785311125847669     
          15          16   1.4324009845634598     
           1          17  0.98745594959211713     
           1          18  0.97978529489301769     
           1          19  0.98442453854083312     
           2          20  0.97563977285041470     
           2          21  0.97555803313882206     
           3          22  0.92977042051181646     
           4          23  0.97069005585882695     
           5          24  0.96774598665153377     
           6          25  0.97397434103959291     
           7          26  0.96487446629125384     
           9          27  0.94525274294905859     
          10          28  0.98165256737767659     
          10          29  0.98614459657330444     
          10          30  0.98414041959871656     
          12          31  0.96916406392386578     
          13          32  0.97116165370154051     
          14          33  0.97166961626554582     
          15          34  0.97146007374940702     
          16          35  0.96565205885501737     
