   -0.09460820
   -0.05635703
    0.00083415
   -0.03813758
   -0.04272879
   -0.03277003
   -0.04482663
   -0.01595320
   -0.01421240
   -0.10006914
    0.01223509
   -0.03304287
   -0.03148604
   -0.03328094
   -0.03099882
   -0.03674918
    0.03245727
    0.03027190
    0.03643734
    0.03981115
    0.03767448
    0.02593898
    0.02171604
    0.02395941
    0.02101184
    0.03895878
    0.03419567
    0.03551188
    0.03275164
    0.04508407
    0.03222962
    0.02638051
    0.02656656
    0.02693977
    0.02425470
