           1           2   1.0075004090099209     
           2           3   1.0215289049820633     
           3           4   1.5633800297499920     
           4           5   1.3411972827856515     
           5           6   1.3029395448148966     
           6           7   1.6344411631426452     
           3           8   1.0341965521145247     
           7           8   1.0365207408422679     
           8           9  0.87544017593544221     
           9          10   1.0045494367738108     
           9          11   1.0100062909913758     
          11          12   1.4081399296124109     
          12          13   1.4451896241648421     
          11          14  0.10867352622335053     
          13          14   1.4378823846365780     
          12          15  0.10957251857814015     
          14          15   1.4359816090975379     
          11          16   1.4057418139664990     
          13          16  0.10985623211174336     
          15          16   1.4477536585893582     
           1          17  0.98707396750975862     
           1          18  0.98220344306884866     
           1          19  0.98507835888785145     
           2          20  0.95292708470818754     
           2          21  0.97342292320844037     
           4          22  0.96276394741200100     
           5          23  0.97421748375421902     
           6          24  0.96741153139034908     
           7          25  0.97100212158279775     
           8          26  0.94426947478832091     
           9          27  0.96470458804512405     
          10          28  0.98291550488360047     
          10          29  0.98492220815863996     
          10          30  0.97957703578324251     
          12          31  0.96221046076387529     
          13          32  0.97141920428475714     
          14          33  0.97163391931564702     
          15          34  0.97122143087764168     
          16          35  0.96853542699257300     
