   -0.10048354
   -0.04846364
   -0.01561278
   -0.04250612
   -0.03331241
   -0.04509634
   -0.03912152
   -0.00331818
   -0.02262303
   -0.09935164
    0.01353900
   -0.04036672
   -0.03214519
   -0.03413029
   -0.03032827
   -0.03843638
    0.03428185
    0.03380496
    0.03756039
    0.03085483
    0.03845440
    0.04768023
    0.02565726
    0.02366816
    0.02243932
    0.02078986
    0.04214413
    0.03653827
    0.03806085
    0.03513584
    0.03343809
    0.02668156
    0.02684186
    0.02773518
    0.02998999
