           1           2   1.0201592142108613     
           2           3  0.92437755534911281     
           3           4   1.0364126532052622     
           4           5   1.6346387958006900     
           5           6   1.3053098150376359     
           6           7   1.3335092695616984     
           3           8   1.0243228993240296     
           7           8   1.5732982590099878     
           8           9  0.99627900871701613     
           9          10  0.99815238548349550     
           9          11  0.97723734635844450     
          11          12   1.4163375051920741     
          12          13   1.4348032618668636     
          11          14  0.10958713306133784     
          13          14   1.4462006249326562     
          12          15  0.10818841808324402     
          14          15   1.4284839323691820     
          11          16   1.3992303209898855     
          13          16  0.11197705216199949     
          15          16   1.4570748012137582     
           1          17  0.98465222144626374     
           1          18  0.98713654797127370     
           1          19  0.98606686441707825     
           2          20  0.97994074770192796     
           2          21  0.96931659918607194     
           3          22  0.93261408897878151     
           4          23  0.96968769532475496     
           5          24  0.96773866698862088     
           6          25  0.97402627472748338     
           7          26  0.96411557132221348     
           9          27  0.94979550851301731     
          10          28  0.98485949078008173     
          10          29  0.98184670757446091     
          10          30  0.98625561979278997     
          12          31  0.96632024655562498     
          13          32  0.97128152979912052     
          14          33  0.97162068052548345     
          15          34  0.97113136141533363     
          16          35  0.96807404994592994     
