   -0.09995960
   -0.04913875
   -0.01480909
   -0.04120560
   -0.03227236
   -0.04471177
   -0.03784441
   -0.00032655
   -0.02221665
   -0.09940977
    0.01583311
   -0.03887925
   -0.03181789
   -0.03342126
   -0.03006246
   -0.03669555
    0.03613625
    0.03712577
    0.03063195
    0.03680774
    0.03010872
    0.04833824
    0.02258577
    0.02335025
    0.02230437
    0.01994231
    0.04103317
    0.03664931
    0.03439153
    0.03723491
    0.03212899
    0.02638701
    0.02679101
    0.02728063
    0.02770992
