           1           2   1.0227167813838867     
           2           3  0.93212180874357431     
           3           4   1.0367011103566612     
           4           5   1.6343650960242386     
           5           6   1.3048350962051267     
           6           7   1.3341329455271551     
           3           8   1.0261483164393579     
           7           8   1.5731242206582812     
           8           9  0.99415617111720589     
           9          10  0.99846878310050480     
           9          11  0.97719784137750310     
          11          12   1.4157690291490685     
          12          13   1.4354180173131270     
          11          14  0.10945878526047879     
          13          14   1.4445139444727015     
          12          15  0.10818970742242288     
          14          15   1.4305860299987350     
          11          16   1.4007325946594196     
          13          16  0.11125424938910554     
          15          16   1.4528304813140551     
           1          17  0.98588446115579653     
           1          18  0.98187040363274103     
           1          19  0.98593568395165143     
           2          20  0.97044506647519535     
           2          21  0.97741689703342727     
           3          22  0.92283789236872216     
           4          23  0.97078148990165514     
           5          24  0.96794673599142900     
           6          25  0.97406554514783195     
           7          26  0.96432161053732857     
           9          27  0.95178873263488328     
          10          28  0.98517306151202688     
          10          29  0.98631211938398744     
          10          30  0.98139197906141185     
          12          31  0.96601167791206233     
          13          32  0.97132232650849692     
          14          33  0.97162413163141137     
          15          34  0.97119865197849153     
          16          35  0.96783572189056188     
