   -0.09706977
   -0.05573688
   -0.00015573
   -0.03819430
   -0.04430605
   -0.03233414
   -0.04090636
   -0.01414306
   -0.01540123
   -0.09999953
    0.00972661
   -0.03904451
   -0.03101250
   -0.03376263
   -0.03128298
   -0.03598801
    0.03509276
    0.03378750
    0.03619389
    0.03845704
    0.03054516
    0.02438608
    0.02248790
    0.02315003
    0.02455513
    0.04306049
    0.03913115
    0.03420236
    0.03929780
    0.03810500
    0.02242357
    0.02674346
    0.02663952
    0.02695918
    0.03439307
