           1           2  0.99851296227063702     
           2           3   1.0210599325220455     
           3           4   1.5676331939479553     
           4           5   1.3401426702795924     
           5           6   1.3062951944266605     
           6           7   1.6306089577217406     
           3           8   1.0307968374328951     
           7           8   1.0447478933807237     
           8           9  0.88345084702007193     
           9          10   1.0106411123922230     
           9          11   1.0087775734847360     
          11          12   1.4022103257723812     
          12          13   1.4518159116660194     
          11          14  0.10807809527202059     
          13          14   1.4329478691991082     
          12          15  0.11002867712795286     
          14          15   1.4394331254427692     
          11          16   1.4077189920145978     
          13          16  0.10897069938682113     
          15          16   1.4441132848322304     
           1          17  0.98569802492642034     
           1          18  0.98663181504730013     
           1          19  0.98727187525335303     
           2          20  0.96307306377932611     
           2          21  0.97590526412515655     
           4          22  0.96552191048230274     
           5          23  0.97413315157666991     
           6          24  0.96818997623910785     
           7          25  0.96929371598430525     
           8          26  0.92924339917959575     
           9          27  0.95900127626951182     
          10          28  0.98506592235788704     
          10          29  0.98169652627386372     
          10          30  0.98314704341892190     
          12          31  0.96890103480699996     
          13          32  0.97128410115231012     
          14          33  0.97170640786701723     
          15          34  0.97135797112205902     
          16          35  0.96650973199381096     
