   -0.09756229
   -0.05432295
    0.00013993
   -0.03863931
   -0.04242319
   -0.03160834
   -0.04169636
   -0.01537775
   -0.01468887
   -0.10053814
    0.01123103
   -0.03679389
   -0.03097674
   -0.03337181
   -0.03140129
   -0.03386883
    0.03589396
    0.03692343
    0.03404213
    0.03219697
    0.03488009
    0.02403040
    0.02233450
    0.02359552
    0.02250395
    0.04400106
    0.03401249
    0.03695021
    0.04105134
    0.03402339
    0.02388368
    0.02673373
    0.02676837
    0.02680471
    0.03126885
