           1           2  0.99205548655826059     
           2           3   1.0238519021788046     
           3           4   1.5712637205822970     
           4           5   1.3347485945759374     
           5           6   1.3091064241731369     
           6           7   1.6265494038061241     
           3           8   1.0299954844428414     
           7           8   1.0454222051847408     
           8           9  0.87386571170525218     
           9          10   1.0069134919973695     
           9          11   1.0114088821881888     
          11          12   1.4045363016503278     
          12          13   1.4486509303762696     
          11          14  0.10850232844281199     
          13          14   1.4351924903749111     
          12          15  0.10983800641208979     
          14          15   1.4383439936613194     
          11          16   1.4079665010377054     
          13          16  0.10934835455078026     
          15          16   1.4448979810609290     
           1          17  0.98582894160823209     
           1          18  0.98867920779988872     
           1          19  0.98793874323553355     
           2          20  0.96920564731564052     
           2          21  0.97257239997455081     
           4          22  0.96563482835722947     
           5          23  0.97415841984811569     
           6          24  0.96783201223283299     
           7          25  0.96992259884963494     
           8          26  0.94008717941159403     
           9          27  0.96101728345996940     
          10          28  0.98368320618424798     
          10          29  0.98174703611713543     
          10          30  0.98588799330983035     
          12          31  0.96850356424882789     
          13          32  0.97124527705875174     
          14          33  0.97165206556772432     
          15          34  0.97140482511889037     
          16          35  0.96616882464530007     
