   -0.10036572
   -0.04897940
   -0.01482979
   -0.04122264
   -0.03244143
   -0.04522400
   -0.03677321
   -0.00071732
   -0.02138999
   -0.09872257
    0.01696722
   -0.03471514
   -0.03054832
   -0.03297333
   -0.03079528
   -0.03788090
    0.03707088
    0.03119259
    0.03731869
    0.03374998
    0.03161370
    0.04000603
    0.02255403
    0.02311769
    0.02171076
    0.02760796
    0.03368098
    0.03471464
    0.03819003
    0.03858566
    0.03268186
    0.02756659
    0.02740714
    0.02752259
    0.02432000
