           1           2   1.0226132108666395     
           2           3  0.93332229577928982     
           3           4   1.0371561285995266     
           4           5   1.6330437446184367     
           5           6   1.3062460555476472     
           6           7   1.3317238631579449     
           3           8   1.0229288296782593     
           7           8   1.5746166580863850     
           8           9   1.0034315010799744     
           9          10  0.98602414745892475     
           9          11  0.97426309395401633     
          11          12   1.4081300513964001     
          12          13   1.4459745664996961     
          11          14  0.10934476614026579     
          13          14   1.4362756077825778     
          12          15  0.11076795248202849     
          14          15   1.4396629514036243     
          11          16   1.4121117195578590     
          13          16  0.10976273153331610     
          15          16   1.4419734973956231     
           1          17  0.98572923695091230     
           1          18  0.98599967748767792     
           1          19  0.98222288457804574     
           2          20  0.97316088041647131     
           2          21  0.97742828559561024     
           3          22  0.92632698930061741     
           4          23  0.97076521433084262     
           5          24  0.96804028581681445     
           6          25  0.97423286198339876     
           7          26  0.96212121439223885     
           9          27  0.95954966233032490     
          10          28  0.98679330942808685     
          10          29  0.98554804845247357     
          10          30  0.98428165466172013     
          12          31  0.96558421153772767     
          13          32  0.97129544399976231     
          14          33  0.97162089962167042     
          15          34  0.97112113518305920     
          16          35  0.96854225018012929     
