   -0.09970868
   -0.04794846
   -0.01589212
   -0.04202887
   -0.03271960
   -0.04589532
   -0.03987252
    0.00022629
   -0.02269280
   -0.09911080
    0.01325920
   -0.03489431
   -0.03069418
   -0.03329050
   -0.03114277
   -0.03848190
    0.03269532
    0.03551545
    0.03809266
    0.02988960
    0.03231200
    0.04299376
    0.02128469
    0.02257412
    0.02109364
    0.02944371
    0.04296639
    0.03907509
    0.03435998
    0.03786853
    0.03173468
    0.02837222
    0.02774854
    0.02794184
    0.02492515
