           1           2   1.0224321505137113     
           2           3  0.93559696976521756     
           3           4   1.0380897499464787     
           4           5   1.6307896602792074     
           5           6   1.3086843427872941     
           6           7   1.3266478080347237     
           3           8   1.0201787175687027     
           7           8   1.5806778142696198     
           8           9   1.0038114322290874     
           9          10  0.99354083426643514     
           9          11  0.97723336427793084     
          11          12   1.4064517741957889     
          12          13   1.4506564644875504     
          11          14  0.10969467081272705     
          13          14   1.4337793609803846     
          12          15  0.11197697259526408     
          14          15   1.4427353451970741     
          11          16   1.4175951403599398     
          13          16  0.10988998275789635     
          15          16   1.4393910691533642     
           1          17  0.98605119639842520     
           1          18  0.98624444714547388     
           1          19  0.98621186030659780     
           2          20  0.97423746256672294     
           2          21  0.97734259106146570     
           3          22  0.92361780563657558     
           4          23  0.97072361701530041     
           5          24  0.96806929383352758     
           6          25  0.97428979408649974     
           7          26  0.96296195866078149     
           9          27  0.94515334303163101     
          10          28  0.98510393165559496     
          10          29  0.98645784316565877     
          10          30  0.98405848870286905     
          12          31  0.96825729116612447     
          13          32  0.97116598146109290     
          14          33  0.97164530969506524     
          15          34  0.97118640888643748     
          16          35  0.96880643664799659     
