   -0.09986005
   -0.04721361
   -0.01434158
   -0.04113959
   -0.03238826
   -0.04487122
   -0.03850220
   -0.00041634
   -0.02224251
   -0.09846994
    0.01233077
   -0.03829010
   -0.03192716
   -0.03378776
   -0.03105104
   -0.03845160
    0.03588526
    0.03914689
    0.03111962
    0.03005055
    0.03561170
    0.04586551
    0.02230674
    0.02333861
    0.02224558
    0.02094946
    0.04237417
    0.04150561
    0.03482294
    0.03578414
    0.03201514
    0.02687715
    0.02699473
    0.02743486
    0.02629354
