           1           2   1.0223158508879853     
           2           3  0.93065781772757838     
           3           4   1.0376727001454551     
           4           5   1.6352736441244806     
           5           6   1.3034014783345187     
           6           7   1.3370646824436632     
           3           8   1.0271089552057462     
           7           8   1.5722486128889881     
           8           9  0.99092302785879438     
           9          10  0.98631088712190540     
           9          11  0.99596632880506331     
          11          12   1.4220727763381038     
          12          13   1.4337507379161401     
          11          14  0.10999047126897835     
          13          14   1.4475626763152396     
          12          15  0.10823924429548534     
          14          15   1.4280980118007474     
          11          16   1.3970699398142479     
          13          16  0.11231554571459873     
          15          16   1.4571954623366234     
           1          17  0.98628533498010840     
           1          18  0.98459442301223976     
           1          19  0.98601844954954654     
           2          20  0.97746584495305489     
           2          21  0.97168585019462028     
           3          22  0.92186848839558244     
           4          23  0.97078962520790246     
           5          24  0.96801398993707610     
           6          25  0.97403397421688187     
           7          26  0.96541938483424472     
           9          27  0.94847673123868215     
          10          28  0.98127868386245565     
          10          29  0.98603836069912021     
          10          30  0.98468658384990648     
          12          31  0.96601926772822011     
          13          32  0.97145466531030411     
          14          33  0.97165345692404936     
          15          34  0.97115738926793094     
          16          35  0.96986448883070975     
