   -0.09937380
   -0.05751159
   -0.00083897
   -0.04054110
   -0.04491923
   -0.03475325
   -0.04497948
   -0.01664315
   -0.01395742
   -0.09955527
    0.01420601
   -0.03512312
   -0.03162678
   -0.03323434
   -0.02969343
   -0.03531299
    0.03218814
    0.03720293
    0.03662714
    0.04048715
    0.03503911
    0.02614156
    0.02170534
    0.02280515
    0.02478514
    0.04082170
    0.03582395
    0.03859008
    0.03553793
    0.04102952
    0.02795708
    0.02701605
    0.02732650
    0.02781453
    0.02495892
