           1           2   1.0053405715663051     
           2           3   1.0229111610435353     
           3           4   1.5708158089562900     
           4           5   1.3373635433722575     
           5           6   1.3074706811148677     
           6           7   1.6290210205470228     
           3           8   1.0266678013936839     
           7           8   1.0383127057897179     
           8           9  0.88820736066254369     
           9          10  0.99523238631455169     
           9          11   1.0072305338169052     
          11          12   1.3997343861696940     
          12          13   1.4518062610689075     
          11          14  0.10835737569514060     
          13          14   1.4319712085022029     
          12          15  0.11024293793271374     
          14          15   1.4406012424358074     
          11          16   1.4076558126147927     
          13          16  0.10840571849386027     
          15          16   1.4418351378812955     
           1          17  0.98719493366096001     
           1          18  0.98382865206208003     
           1          19  0.98531674219292553     
           2          20  0.95388921089112122     
           2          21  0.97153590680438140     
           4          22  0.96320235544974897     
           5          23  0.97417293805114480     
           6          24  0.96750348481221093     
           7          25  0.97047534847511263     
           8          26  0.94182549406464500     
           9          27  0.96848422104260223     
          10          28  0.98515595956124991     
          10          29  0.98421628617453205     
          10          30  0.98293318946326447     
          12          31  0.96608884022094643     
          13          32  0.97136968198980123     
          14          33  0.97167642511191110     
          15          34  0.97112779120733783     
          16          35  0.96750013616731934     
