   -0.09726918
   -0.05729360
    0.00101337
   -0.04130149
   -0.04404214
   -0.03435605
   -0.04245592
   -0.01542834
   -0.01472301
   -0.09964052
    0.01183712
   -0.03485432
   -0.03151806
   -0.03341744
   -0.03004780
   -0.03658371
    0.03539757
    0.03407629
    0.03638020
    0.03383374
    0.03860200
    0.02330660
    0.02194680
    0.02380843
    0.02188231
    0.04112332
    0.03641713
    0.04022844
    0.03712494
    0.03723418
    0.02849202
    0.02738818
    0.02750044
    0.02840122
    0.02693728
