           1           2  0.98995977736451368     
           2           3   1.0242364121906391     
           3           4   1.5608512109941288     
           4           5   1.3429847123951293     
           5           6   1.3002875271299832     
           6           7   1.6377399759724436     
           3           8   1.0298831209855142     
           7           8   1.0333019853599474     
           8           9  0.88045843319639905     
           9          10   1.0008664061307448     
           9          11   1.0047442379828682     
          11          12   1.4072751123768754     
          12          13   1.4489486313538744     
          11          14  0.10895713048281656     
          13          14   1.4353222005560642     
          12          15  0.11040923104977760     
          14          15   1.4385894742593028     
          11          16   1.4083807916780899     
          13          16  0.10987017623535590     
          15          16   1.4454697087382891     
           1          17  0.98555369279061023     
           1          18  0.98843594246004218     
           1          19  0.98863922728185438     
           2          20  0.97156160100725775     
           2          21  0.97102160920788194     
           4          22  0.96502404448863244     
           5          23  0.97419584655567615     
           6          24  0.96738045651651106     
           7          25  0.97064376454738421     
           8          26  0.94904640781043814     
           9          27  0.96806673025922041     
          10          28  0.98385190401598310     
          10          29  0.98246566293711657     
          10          30  0.98264822050628431     
          12          31  0.96681243592931143     
          13          32  0.97139438386752497     
          14          33  0.97166718163413723     
          15          34  0.97111470333037631     
          16          35  0.96870235060639109     
