0.00100000 0.00100000 0.00100000
0.00302034 0.00280972 0.00744955
0.01082600 0.00105147 0.00255799
0.00975365 -0.00217368 -0.01729557
0.01140451 0.00514392 -0.02783640
-0.02285924 -0.00928679 -0.01647308
0.00216840 -0.04136652 0.01931091
0.07637643 -0.02692798 -0.00476519
-0.04089189 0.09195316 0.09237718
0.00778838 -0.01924666 -0.00823608
0.00038974 -0.00680683 -0.00314551
0.00142101 -0.00380001 0.00049817
-0.00072866 0.00258351 -0.00382040
0.00170556 0.00135592 -0.00235759
0.00112830 -0.00039509 -0.00072230
0.00052456 -0.00202452 -0.00209409
0.00194138 -0.00425991 0.00031773
-0.00142500 -0.00830103 0.00257587
0.01292678 -0.00866832 -0.00210126
-0.00139558 0.00357859 0.00538205
-0.00031925 0.01192296 0.00132535
0.00808155 0.00018297 0.02338210
0.02474744 -0.00278321 -0.02998238
-0.02601768 0.00805137 0.00148546
0.01556812 0.00518269 -0.00486348
0.04608533 0.04726777 0.03855071
-0.85627065 0.10541469 -0.46298679
0.00058738 -0.02750354 0.00460393
0.00824507 0.00350911 -0.01361194
0.00130003 -0.00627961 0.00921520
0.00272403 -0.00013154 0.00285709
-0.00465577 0.01089129 0.00230550
0.00107830 0.00052403 -0.00379091
0.00245423 -0.00025301 -0.00058900
0.00134658 -0.00188783 -0.00447514
0.00269542 -0.00503477 0.00453775
0.00100000 0.00100000 0.00100000
0.00100000 0.00100000 0.00100000
0.00100000 0.00100000 0.00100000
0.00100000 0.00100000 0.00100000
0.00100000 0.00100000 0.00100000
0.00100000 0.00100000 0.00100000
0.00100000 0.00100000 0.00100000
0.00100000 0.00100000 0.00100000
0.00100000 0.00100000 0.00100000
0.00100000 0.00100000 0.00100000
0.00100000 0.00100000 0.00100000
0.00100000 0.00100000 0.00100000
0.00100000 0.00100000 0.00100000
0.00100000 0.00100000 0.00100000
0.00100000 0.00100000 0.00100000
0.00100000 0.00100000 0.00100000
0.00100000 0.00100000 0.00100000
0.00100000 0.00100000 0.00100000
0.00100000 0.00100000 0.00100000
0.00100000 0.00100000 0.00100000
0.00100000 0.00100000 0.00100000
0.00100000 0.00100000 0.00100000
0.00100000 0.00100000 0.00100000
0.00100000 0.00100000 0.00100000
0.00100000 0.00100000 0.00100000
0.00100000 0.00100000 0.00100000
0.00100000 0.00100000 0.00100000
0.00100000 0.00100000 0.00100000
0.00100000 0.00100000 0.00100000
0.00100000 0.00100000 0.00100000
0.00100000 0.00100000 0.00100000
0.00100000 0.00100000 0.00100000
0.00100000 0.00100000 0.00100000
0.00100000 0.00100000 0.00100000
0.00100000 0.00100000 0.00100000
0.00100000 0.00100000 0.00100000
0.00100000 0.00100000 0.00100000
0.00100000 0.00100000 0.00100000
0.00100000 0.00100000 0.00100000
0.00100000 0.00100000 0.00100000
0.00100000 0.00100000 0.00100000
0.00100000 0.00100000 0.00100000
0.00100000 0.00100000 0.00100000
0.00100000 0.00100000 0.00100000
0.00100000 0.00100000 0.00100000
0.00100000 0.00100000 0.00100000
0.00100000 0.00100000 0.00100000
0.00100000 0.00100000 0.00100000
0.00100000 0.00100000 0.00100000
0.00100000 0.00100000 0.00100000
0.00100000 0.00100000 0.00100000
0.00100000 0.00100000 0.00100000
0.00100000 0.00100000 0.00100000
0.00100000 0.00100000 0.00100000
0.00100000 0.00100000 0.00100000
0.00100000 0.00100000 0.00100000
0.00100000 0.00100000 0.00100000
0.00100000 0.00100000 0.00100000
0.00100000 0.00100000 0.00100000
0.00100000 0.00100000 0.00100000
0.00100000 0.00100000 0.00100000
0.00100000 0.00100000 0.00100000
0.00100000 0.00100000 0.00100000
0.00100000 0.00100000 0.00100000
0.00100000 0.00100000 0.00100000
0.00100000 0.00100000 0.00100000
0.00100000 0.00100000 0.00100000
0.00100000 0.00100000 0.00100000
0.00100000 0.00100000 0.00100000
0.00100000 0.00100000 0.00100000
0.00100000 0.00100000 0.00100000
0.00100000 0.00100000 0.00100000
0.00100000 0.00100000 0.00100000
0.00100000 0.00100000 0.00100000
0.00100000 0.00100000 0.00100000
0.00100000 0.00100000 0.00100000
0.00100000 0.00100000 0.00100000
0.00100000 0.00100000 0.00100000
0.00100000 0.00100000 0.00100000
0.00100000 0.00100000 0.00100000
0.00100000 0.00100000 0.00100000
0.00100000 0.00100000 0.00100000
0.00100000 0.00100000 0.00100000
0.00100000 0.00100000 0.00100000
0.00100000 0.00100000 0.00100000
0.00100000 0.00100000 0.00100000
0.00100000 0.00100000 0.00100000
0.00100000 0.00100000 0.00100000
0.00100000 0.00100000 0.00100000
0.00100000 0.00100000 0.00100000
0.00100000 0.00100000 0.00100000
0.00100000 0.00100000 0.00100000
0.00100000 0.00100000 0.00100000
0.00100000 0.00100000 0.00100000
0.00100000 0.00100000 0.00100000
0.00100000 0.00100000 0.00100000
0.00100000 0.00100000 0.00100000
0.00100000 0.00100000 0.00100000
0.00100000 0.00100000 0.00100000
0.00100000 0.00100000 0.00100000
0.00100000 0.00100000 0.00100000
0.00100000 0.00100000 0.00100000
0.00100000 0.00100000 0.00100000
0.00100000 0.00100000 0.00100000
0.00100000 0.00100000 0.00100000
0.00100000 0.00100000 0.00100000
0.00100000 0.00100000 0.00100000
0.00100000 0.00100000 0.00100000
0.00100000 0.00100000 0.00100000
0.00100000 0.00100000 0.00100000
0.00100000 0.00100000 0.00100000
0.00100000 0.00100000 0.00100000
0.00100000 0.00100000 0.00100000
0.00100000 0.00100000 0.00100000
0.00100000 0.00100000 0.00100000
0.00100000 0.00100000 0.00100000
0.00100000 0.00100000 0.00100000
0.00100000 0.00100000 0.00100000
0.00100000 0.00100000 0.00100000
0.00100000 0.00100000 0.00100000
0.00100000 0.00100000 0.00100000
0.00100000 0.00100000 0.00100000
0.00100000 0.00100000 0.00100000
0.00100000 0.00100000 0.00100000
0.00100000 0.00100000 0.00100000
0.00100000 0.00100000 0.00100000
0.00100000 0.00100000 0.00100000
0.00100000 0.00100000 0.00100000
0.00100000 0.00100000 0.00100000
0.00100000 0.00100000 0.00100000
0.00100000 0.00100000 0.00100000
0.00100000 0.00100000 0.00100000
0.00100000 0.00100000 0.00100000
0.00100000 0.00100000 0.00100000
0.00100000 0.00100000 0.00100000
0.00100000 0.00100000 0.00100000
0.00100000 0.00100000 0.00100000
0.00100000 0.00100000 0.00100000
0.00100000 0.00100000 0.00100000
0.00100000 0.00100000 0.00100000
0.00100000 0.00100000 0.00100000
0.00100000 0.00100000 0.00100000
0.00100000 0.00100000 0.00100000
0.00100000 0.00100000 0.00100000
0.00100000 0.00100000 0.00100000
0.00100000 0.00100000 0.00100000
0.00100000 0.00100000 0.00100000
0.00100000 0.00100000 0.00100000
0.00100000 0.00100000 0.00100000
0.00100000 0.00100000 0.00100000
0.00100000 0.00100000 0.00100000
0.00100000 0.00100000 0.00100000
0.00100000 0.00100000 0.00100000
0.00100000 0.00100000 0.00100000
0.00100000 0.00100000 0.00100000
0.00100000 0.00100000 0.00100000
0.00100000 0.00100000 0.00100000
0.00100000 0.00100000 0.00100000
0.00100000 0.00100000 0.00100000
0.00100000 0.00100000 0.00100000
0.00100000 0.00100000 0.00100000
0.00100000 0.00100000 0.00100000
0.00100000 0.00100000 0.00100000
0.00100000 0.00100000 0.00100000
0.00100000 0.00100000 0.00100000
0.00100000 0.00100000 0.00100000
0.00100000 0.00100000 0.00100000
0.00100000 0.00100000 0.00100000
0.00100000 0.00100000 0.00100000
0.00100000 0.00100000 0.00100000
0.00100000 0.00100000 0.00100000
0.00100000 0.00100000 0.00100000
0.00100000 0.00100000 0.00100000
0.00100000 0.00100000 0.00100000
0.00100000 0.00100000 0.00100000
0.00100000 0.00100000 0.00100000
0.00100000 0.00100000 0.00100000
0.00100000 0.00100000 0.00100000
0.00100000 0.00100000 0.00100000
0.00100000 0.00100000 0.00100000
0.00100000 0.00100000 0.00100000
0.00100000 0.00100000 0.00100000
0.00100000 0.00100000 0.00100000
0.00100000 0.00100000 0.00100000
0.00100000 0.00100000 0.00100000
0.00100000 0.00100000 0.00100000
0.00100000 0.00100000 0.00100000
0.00100000 0.00100000 0.00100000
0.00100000 0.00100000 0.00100000
0.00100000 0.00100000 0.00100000
0.00100000 0.00100000 0.00100000
0.00100000 0.00100000 0.00100000
0.00100000 0.00100000 0.00100000
0.00100000 0.00100000 0.00100000
0.00100000 0.00100000 0.00100000
0.00100000 0.00100000 0.00100000
0.00100000 0.00100000 0.00100000
0.00100000 0.00100000 0.00100000
0.00100000 0.00100000 0.00100000
0.00100000 0.00100000 0.00100000
0.00100000 0.00100000 0.00100000
0.00100000 0.00100000 0.00100000
0.00100000 0.00100000 0.00100000
0.00100000 0.00100000 0.00100000
0.00100000 0.00100000 0.00100000
0.00100000 0.00100000 0.00100000
0.00100000 0.00100000 0.00100000
0.00100000 0.00100000 0.00100000
0.00100000 0.00100000 0.00100000
0.00100000 0.00100000 0.00100000
0.00100000 0.00100000 0.00100000
0.00100000 0.00100000 0.00100000
0.00100000 0.00100000 0.00100000
0.00100000 0.00100000 0.00100000
0.00100000 0.00100000 0.00100000
0.00100000 0.00100000 0.00100000
0.00100000 0.00100000 0.00100000
0.00100000 0.00100000 0.00100000
0.00100000 0.00100000 0.00100000
0.00100000 0.00100000 0.00100000
0.00100000 0.00100000 0.00100000
0.00100000 0.00100000 0.00100000
0.00100000 0.00100000 0.00100000
