    0.002340    -0.008160     0.000672
   -0.000913    -0.007634    -0.008108
   -0.004244     0.010348    -0.016550
    0.002453     0.018111    -0.024441
   -0.005217     0.026255     0.012791
   -0.040703    -0.014646     0.014750
   -0.040607    -0.031463    -0.062788
    0.099563    -0.066929     0.065336
   -0.020497     0.004769    -0.007487
   -0.006818     0.003054    -0.000753
   -0.003987    -0.000842    -0.000320
    0.002604     0.003473    -0.001720
    0.000976     0.001099    -0.002854
   -0.000609     0.000100    -0.001253
   -0.002124     0.001711    -0.001149
   -0.004538    -0.000907    -0.000775
   -0.007849    -0.000896     0.003894
   -0.010936    -0.003889    -0.010580
    0.003871    -0.004250     0.003267
    0.011800    -0.001902    -0.001076
   -0.000885    -0.024263     0.004753
   -0.007832     0.013999    -0.035522
    0.012728     0.010923     0.021509
    0.002140    -0.003855    -0.016536
    0.038667    -0.059740    -0.027933
    0.252828     0.815317     0.479588
   -0.027054    -0.002179     0.006428
    0.001685     0.007465    -0.014388
   -0.006244    -0.008148     0.004546
   -0.000579    -0.003809    -0.000870
    0.011602    -0.000535     0.003274
    0.000248     0.002714    -0.002895
   -0.000711    -0.000680    -0.002338
   -0.002184     0.003359    -0.003058
   -0.005362    -0.004877     0.000818
