   -0.09619987
   -0.05810264
    0.00105133
   -0.04161082
   -0.04395271
   -0.03488949
   -0.04390924
   -0.01515757
   -0.01465598
   -0.09996216
    0.01215970
   -0.03730101
   -0.03019190
   -0.03381235
   -0.03186321
   -0.03529621
    0.03367188
    0.03565677
    0.03626203
    0.03841623
    0.03380014
    0.02340814
    0.02178774
    0.02291655
    0.02445269
    0.04120615
    0.03621342
    0.03622573
    0.03869000
    0.04035549
    0.02713902
    0.02856110
    0.02757040
    0.02753248
    0.02982820
