           1           2  0.99044935900552478     
           2           3   1.0267780639446653     
           3           4   1.5681659641017567     
           4           5   1.3368068574417520     
           5           6   1.3073850992265978     
           6           7   1.6284945223203040     
           3           8   1.0280261114207501     
           7           8   1.0377463667239744     
           8           9  0.87858732395569394     
           9          10  0.99875857441862548     
           9          11   1.0098232314402900     
          11          12   1.4038826821179018     
          12          13   1.4463121548655411     
          11          14  0.10812591104175279     
          13          14   1.4379777231174711     
          12          15  0.10905262511918798     
          14          15   1.4334793510977448     
          11          16   1.3997201413284444     
          13          16  0.10995433566127137     
          15          16   1.4511122814578967     
           1          17  0.98768332900584022     
           1          18  0.98580234601019079     
           1          19  0.98887590961559590     
           2          20  0.96373473023111911     
           2          21  0.97345804360516586     
           4          22  0.96503238407926972     
           5          23  0.97418735636824927     
           6          24  0.96742626971599299     
           7          25  0.97074912789784962     
           8          26  0.94819888283100773     
           9          27  0.96824919630429196     
          10          28  0.98418671636226318     
          10          29  0.98434029240458321     
          10          30  0.98353936050825075     
          12          31  0.96870200625816594     
          13          32  0.97106946777309433     
          14          33  0.97168062951477030     
          15          34  0.97132707789197004     
          16          35  0.96697076099874302     
