   -0.09706581
   -0.05654497
    0.00049763
   -0.03906139
   -0.04422102
   -0.03236045
   -0.04102099
   -0.01483748
   -0.01565215
   -0.10028258
    0.00998816
   -0.03593776
   -0.03123827
   -0.03375547
   -0.03111066
   -0.03889977
    0.03552295
    0.03479100
    0.03307975
    0.03689254
    0.03433076
    0.02268756
    0.02259770
    0.02308551
    0.02428070
    0.04883279
    0.03672605
    0.03570193
    0.04029819
    0.03526443
    0.03468100
    0.02704244
    0.02667299
    0.02674029
    0.02227440
