           1           2  0.99846881804521070     
           2           3   1.0243115093457347     
           3           4   1.5706854239184458     
           4           5   1.3356326081879748     
           5           6   1.3085178169538956     
           6           7   1.6289792729326038     
           3           8   1.0296296904545992     
           7           8   1.0450989735503387     
           8           9  0.88571264278016493     
           9          10   1.0103271120443977     
           9          11   1.0095171843494530     
          11          12   1.4060099832905528     
          12          13   1.4451843614334099     
          11          14  0.10805451889486968     
          13          14   1.4385942519219335     
          12          15  0.10911851263955107     
          14          15   1.4336844059371647     
          11          16   1.4034124937694490     
          13          16  0.10977694518015005     
          15          16   1.4508260082747180     
           1          17  0.98889199835717867     
           1          18  0.98671476812166015     
           1          19  0.98541186946444237     
           2          20  0.95771184511192009     
           2          21  0.97520408295380723     
           4          22  0.96531378741930240     
           5          23  0.97408356937152307     
           6          24  0.96814565535403252     
           7          25  0.96901046372122590     
           8          26  0.92524411577497567     
           9          27  0.95837548017189989     
          10          28  0.98487396177283548     
          10          29  0.98242313845477658     
          10          30  0.98477640547973144     
          12          31  0.96682610995795493     
          13          32  0.97134969696904272     
          14          33  0.97171371933389716     
          15          34  0.97129983481868842     
          16          35  0.96892685200468520     
