   -0.10040717
   -0.04761444
   -0.01313117
   -0.04227025
   -0.03186874
   -0.04450418
   -0.03613333
    0.00106085
   -0.02075907
   -0.09824679
    0.01268046
   -0.03694461
   -0.03123376
   -0.03377164
   -0.03050453
   -0.03767830
    0.03857763
    0.03203111
    0.03678370
    0.03206695
    0.03173600
    0.04087605
    0.02275645
    0.02386252
    0.02255323
    0.02643212
    0.03489146
    0.03649664
    0.03633458
    0.03773394
    0.03307728
    0.02742167
    0.02721758
    0.02749985
    0.02297790
