           1           2   1.0222862761888167     
           2           3  0.93411007716509598     
           3           4   1.0357607056466347     
           4           5   1.6372256504198599     
           5           6   1.3025173559249559     
           6           7   1.3386953391438634     
           3           8   1.0242210526773667     
           7           8   1.5698316899653884     
           8           9  0.98908080882450833     
           9          10  0.99160119704509286     
           9          11  0.98111914309796888     
          11          12   1.4138752576599256     
          12          13   1.4392186572475594     
          11          14  0.10875988906369986     
          13          14   1.4430425029904801     
          12          15  0.10908574554417029     
          14          15   1.4314382648223152     
          11          16   1.4037816567495403     
          13          16  0.11130632077339683     
          15          16   1.4529875940244301     
           1          17  0.98497705003984559     
           1          18  0.98617384015444309     
           1          19  0.98611817360367238     
           2          20  0.97471135206663340     
           2          21  0.97765044829054104     
           3          22  0.92572905802882821     
           4          23  0.97079260529216327     
           5          24  0.96806466545780412     
           6          25  0.97414643538407131     
           7          26  0.96352822544318706     
           9          27  0.95981108558772399     
          10          28  0.98495297075991062     
          10          29  0.98486048421315475     
          10          30  0.98401834902196339     
          12          31  0.96652514039748982     
          13          32  0.97128279841158049     
          14          33  0.97161567879831801     
          15          34  0.97121840484112565     
          16          35  0.96908471589578193     
