   -0.10111016
   -0.04923658
   -0.01837232
   -0.04350981
   -0.03462757
   -0.04476894
   -0.04091646
   -0.00240764
   -0.02178549
   -0.09935447
    0.01319034
   -0.03928247
   -0.03202634
   -0.03379230
   -0.03087027
   -0.03776831
    0.04009696
    0.03221907
    0.03230157
    0.03448430
    0.03798712
    0.05227244
    0.02309578
    0.02400995
    0.02259529
    0.02132319
    0.04332002
    0.04275110
    0.03524283
    0.03486291
    0.03239485
    0.02633665
    0.02665715
    0.02724379
    0.02744382
