           1           2   1.0223334080924658     
           2           3  0.92045282809132145     
           3           4   1.0364515284119942     
           4           5   1.6345337333448118     
           5           6   1.3030179296057121     
           6           7   1.3384151406004934     
           3           8   1.0281060458762994     
           7           8   1.5703805217289173     
           8           9  0.99404859323601180     
           9          10  0.98680921694607160     
           9          11  0.99483568036067915     
          11          12   1.4207247924248347     
          12          13   1.4324375188103844     
          11          14  0.10983691821672133     
          13          14   1.4478047127414357     
          12          15  0.10785392758797917     
          14          15   1.4277892554898424     
          11          16   1.3967858964739686     
          13          16  0.11210620041178392     
          15          16   1.4570278419530944     
           1          17  0.98012749138709443     
           1          18  0.98440922730544889     
           1          19  0.98751714197174323     
           2          20  0.97569124210023839     
           2          21  0.97530652188645117     
           3          22  0.93020613364921234     
           4          23  0.97069373941390580     
           5          24  0.96775335752886038     
           6          25  0.97399015084118790     
           7          26  0.96488304747373066     
           9          27  0.94553394873126795     
          10          28  0.98165911353165813     
          10          29  0.98416015570926874     
          10          30  0.98618250335919766     
          12          31  0.96564440368912063     
          13          32  0.97146761082458022     
          14          33  0.97166768755511590     
          15          34  0.97116545948756217     
          16          35  0.96922243978378886     
