   -0.09533858
   -0.05570845
   -0.00177089
   -0.03824538
   -0.04286402
   -0.03209403
   -0.04129095
   -0.01618170
   -0.01467638
   -0.10019791
    0.01183347
   -0.03476355
   -0.03158862
   -0.03348325
   -0.03130178
   -0.03676284
    0.03777176
    0.03333746
    0.03147940
    0.03165376
    0.04001213
    0.02514304
    0.02239830
    0.02367679
    0.02222133
    0.04235041
    0.03757836
    0.03313057
    0.04006731
    0.03692181
    0.03133438
    0.02629079
    0.02624969
    0.02634332
    0.02647428
