           1           2   1.0021780369347772     
           2           3   1.0212560626015814     
           3           4   1.5707885034648832     
           4           5   1.3364783229838113     
           5           6   1.3085403348158928     
           6           7   1.6275820976071436     
           3           8   1.0300711292861080     
           7           8   1.0446315099243708     
           8           9  0.87499211415567768     
           9          10   1.0060723779138301     
           9          11   1.0105575946376095     
          11          12   1.4038146294138003     
          12          13   1.4475488366577449     
          11          14  0.10860531650704700     
          13          14   1.4361272699747767     
          12          15  0.10992641222468286     
          14          15   1.4376320217437102     
          11          16   1.4097581916559232     
          13          16  0.10920238150757504     
          15          16   1.4451371334601821     
           1          17  0.98617657135027403     
           1          18  0.98689212491464151     
           1          19  0.98340124156106012     
           2          20  0.97634224130970948     
           2          21  0.95839787084700867     
           4          22  0.96436449423128789     
           5          23  0.97418725782102555     
           6          24  0.96771128212914359     
           7          25  0.96996288873065328     
           8          26  0.93975733968874497     
           9          27  0.96254111828775057     
          10          28  0.98598616868566369     
          10          29  0.98257253925346610     
          10          30  0.98372201289156713     
          12          31  0.96599066643433695     
          13          32  0.97140047476700697     
          14          33  0.97163746976825593     
          15          34  0.97131314483573372     
          16          35  0.96468412257236846     
